0.0 4.1 5.3 12.100000000000001 19.8 1.6 13.200000000000001 9.4 12.399999999999999 18.799999999999997 16.299999999999997 3.5 1.5 11.3 18.2 23.799999999999997 10.8 8.3 8.6 24.1 10.7 28.2 10.4 14.1 4.2 4.0 35.5 5.0 2.7 5.2 11.4 15.7 14.099999999999998 15.9 
4.1 0.0 1.2 10.399999999999999 23.9 5.699999999999999 15.700000000000001 13.5 12.799999999999999 14.7 12.2 7.6 2.6 11.7 14.1 19.7 6.7 10.8 4.5 25.200000000000003 6.6 26.799999999999997 8.7 10.0 6.6 2.7 36.6 3.7 3.8 5.6 9.7 16.8 14.499999999999998 20.0 
5.3 1.2 0.0 9.2 25.1 6.8999999999999995 15.8 14.7 12.899999999999999 13.5 11.0 8.799999999999999 3.8 11.799999999999999 12.9 18.5 5.5 10.899999999999999 3.3 26.4 5.4 25.599999999999998 7.5 8.8 6.699999999999999 3.9000000000000004 37.8 3.8 5.0 5.699999999999999 8.5 18.0 14.599999999999998 21.2 
12.100000000000001 10.399999999999999 9.2 0.0 31.900000000000002 13.7 17.2 21.5 6.199999999999999 16.099999999999998 7.4 13.8 10.600000000000001 5.1 13.899999999999999 19.499999999999996 6.5 14.2 5.9 32.3 5.7 28.199999999999996 1.7 9.799999999999999 10.0 8.100000000000001 43.7 7.1000000000000005 11.8 9.0 1.7 24.8 7.8999999999999995 28.0 
19.8 23.9 25.1 31.900000000000002 0.0 18.2 29.800000000000004 10.4 32.1 38.599999999999994 36.1 20.1 21.3 31.0 38.0 43.599999999999994 30.599999999999998 24.900000000000002 28.4 43.9 30.5 48.0 30.200000000000003 33.9 23.900000000000002 23.8 55.3 24.8 22.5 24.900000000000002 31.200000000000003 35.5 33.8 16.9 
1.6 5.699999999999999 6.8999999999999995 13.7 18.2 0.0 11.6 7.8 13.899999999999999 20.4 17.9 1.9 3.1 12.799999999999999 19.799999999999997 25.4 12.399999999999999 6.699999999999999 10.2 25.700000000000003 12.299999999999999 29.8 12.0 15.7 5.699999999999999 5.6 37.1 6.6 4.3 6.699999999999999 13.0 17.3 15.599999999999998 14.3 
13.200000000000001 15.700000000000001 15.8 17.2 29.800000000000004 11.6 0.0 19.4 11.0 29.299999999999997 24.1 9.7 14.700000000000001 12.1 28.7 34.3 21.300000000000004 4.9 19.1 37.3 21.200000000000003 41.4 17.400000000000002 24.6 11.100000000000001 13.000000000000002 48.7 12.000000000000002 15.9 10.100000000000001 18.400000000000002 28.9 14.899999999999999 25.9 
9.4 13.5 14.7 21.5 10.4 7.8 19.4 0.0 21.7 28.2 25.700000000000003 9.7 10.9 20.6 27.6 33.2 20.2 14.5 18.0 33.5 20.1 37.6 19.8 23.5 13.5 13.4 44.900000000000006 14.4 12.1 14.5 20.8 25.1 23.4 6.5 
12.399999999999999 12.799999999999999 12.899999999999999 6.199999999999999 32.1 13.899999999999999 11.0 21.7 0.0 22.299999999999997 13.600000000000001 12.0 12.6 1.1 20.1 25.699999999999996 12.7 12.399999999999999 12.100000000000001 35.2 11.9 34.4 7.9 16.0 8.2 10.1 46.6 9.1 13.799999999999999 7.199999999999999 7.9 26.8 3.9 28.2 
18.799999999999997 14.7 13.5 16.099999999999998 38.599999999999994 20.4 29.299999999999997 28.2 22.299999999999997 0.0 17.9 22.299999999999997 17.299999999999997 21.2 19.799999999999997 25.4 12.399999999999999 24.399999999999995 10.2 16.2 12.299999999999999 12.1 14.399999999999999 15.7 20.199999999999996 17.4 27.6 17.299999999999997 18.5 19.199999999999996 15.399999999999999 9.1 24.0 34.7 
16.299999999999997 12.2 11.0 7.4 36.1 17.9 24.1 25.700000000000003 13.600000000000001 17.9 0.0 18.8 14.799999999999999 12.5 13.799999999999999 19.4 6.3999999999999995 19.2 7.699999999999999 34.1 5.6 30.0 6.7 9.7 15.0 13.100000000000001 45.5 12.100000000000001 15.999999999999998 14.0 5.7 27.0 15.3 32.2 
3.5 7.6 8.799999999999999 13.8 20.1 1.9 9.7 9.7 12.0 22.299999999999997 18.8 0.0 5.0 10.899999999999999 21.700000000000003 27.3 14.3 4.8 12.1 27.6 14.2 31.7 12.100000000000001 17.6 3.8 7.5 39.0 6.699999999999999 6.2 4.8 13.100000000000001 19.2 13.7 16.2 
1.5 2.6 3.8 10.600000000000001 21.3 3.1 14.700000000000001 10.9 12.6 17.299999999999997 14.799999999999999 5.0 0.0 11.5 16.7 22.299999999999997 9.3 9.8 7.1 22.6 9.2 26.7 8.9 12.6 5.7 2.5 34.0 3.5 1.2 5.4 9.9 14.2 14.299999999999999 17.4 
11.3 11.7 11.799999999999999 5.1 31.0 12.799999999999999 12.1 20.6 1.1 21.2 12.5 10.899999999999999 11.5 0.0 19.0 24.599999999999998 11.6 11.3 11.0 34.1 10.8 33.3 6.8 14.899999999999999 7.1 9.0 45.5 8.0 12.7 6.1 6.8 25.700000000000003 2.8 27.1 
18.2 14.1 12.9 13.899999999999999 38.0 19.799999999999997 28.7 27.6 20.1 19.799999999999997 13.799999999999999 21.700000000000003 16.7 19.0 0.0 13.799999999999999 7.3999999999999995 23.799999999999997 9.6 36.0 8.2 31.9 13.2 4.1 19.599999999999998 16.799999999999997 47.4 16.7 17.9 18.599999999999998 12.2 28.9 21.799999999999997 34.1 
23.799999999999997 19.7 18.5 19.499999999999996 43.599999999999994 25.4 34.3 33.2 25.699999999999996 25.4 19.4 27.3 22.299999999999997 24.599999999999998 13.799999999999999 0.0 13.0 29.399999999999995 15.2 41.599999999999994 13.799999999999999 37.5 18.799999999999997 9.7 25.199999999999996 22.4 53.0 22.299999999999997 23.5 24.199999999999996 17.799999999999997 34.5 27.4 39.7 
10.8 6.7 5.5 6.5 30.599999999999998 12.399999999999999 21.300000000000004 20.2 12.7 12.399999999999999 6.3999999999999995 14.3 9.3 11.6 7.3999999999999995 13.0 0.0 16.400000000000002 2.2 28.599999999999994 0.8 24.499999999999996 5.8 3.3 12.200000000000001 9.4 40.0 9.3 10.5 11.200000000000001 4.8 21.499999999999996 14.399999999999999 26.7 
8.3 10.8 10.899999999999999 14.2 24.900000000000002 6.699999999999999 4.9 14.5 12.399999999999999 24.399999999999995 19.2 4.8 9.8 11.3 23.799999999999997 29.399999999999995 16.400000000000002 0.0 14.2 32.4 16.3 36.5 12.5 19.7 6.2 8.1 43.8 7.1 11.0 5.2 13.5 24.0 14.099999999999998 21.0 
8.6 4.5 3.3 5.9 28.4 10.2 19.1 18.0 12.100000000000001 10.2 7.699999999999999 12.1 7.1 11.0 9.6 15.2 2.2 14.2 0.0 26.4 2.1 22.299999999999997 4.2 5.5 10.0 7.2 37.8 7.1 8.299999999999999 9.0 5.2 19.299999999999997 13.8 24.5 
24.1 25.200000000000003 26.4 32.3 43.9 25.700000000000003 37.3 33.5 35.2 16.2 34.1 27.6 22.6 34.1 36.0 41.599999999999994 28.599999999999994 32.4 26.4 0.0 28.5 4.1 30.599999999999994 31.9 28.299999999999997 25.1 11.4 26.1 21.4 28.0 31.599999999999994 8.4 36.9 40.0 
10.7 6.6 5.4 5.7 30.5 12.299999999999999 21.200000000000003 20.1 11.9 12.299999999999999 5.6 14.2 9.2 10.8 8.2 13.799999999999999 0.8 16.3 2.1 28.5 0.0 24.4 5.0 4.1 12.1 9.3 39.9 9.2 10.399999999999999 11.1 4.0 21.4 13.6 26.6 
28.2 26.799999999999997 25.599999999999998 28.199999999999996 48.0 29.8 41.4 37.6 34.4 12.1 30.0 31.7 26.7 33.3 31.9 37.5 24.499999999999996 36.5 22.299999999999997 4.1 24.4 0.0 26.499999999999996 27.799999999999997 32.3 29.2 15.5 29.4 25.5 31.299999999999997 27.499999999999996 12.5 36.099999999999994 44.099999999999994 
10.4 8.7 7.5 1.7 30.200000000000003 12.0 17.400000000000002 19.8 7.9 14.399999999999999 6.7 12.100000000000001 8.9 6.8 13.2 18.799999999999997 5.8 12.5 4.2 30.599999999999994 5.0 26.499999999999996 0.0 9.1 8.3 6.4 42.0 5.4 10.100000000000001 7.300000000000001 1.0 23.1 9.6 26.299999999999997 
14.1 10.0 8.8 9.799999999999999 33.9 15.7 24.6 23.5 16.0 15.7 9.7 17.6 12.6 14.899999999999999 4.1 9.7 3.3 19.7 5.5 31.9 4.1 27.799999999999997 9.1 0.0 15.5 12.7 43.3 12.6 13.799999999999999 14.5 8.1 24.799999999999997 17.7 30.0 
4.2 6.6 6.699999999999999 10.0 23.900000000000002 5.699999999999999 11.100000000000001 13.5 8.2 20.199999999999996 15.0 3.8 5.7 7.1 19.599999999999998 25.199999999999996 12.200000000000001 6.2 10.0 28.299999999999997 12.1 32.3 8.3 15.5 0.0 3.9 39.7 2.9 6.9 1.0 9.3 19.9 9.899999999999999 20.0 
4.0 2.7 3.9000000000000004 8.100000000000001 23.8 5.6 13.000000000000002 13.4 10.1 17.4 13.100000000000001 7.5 2.5 9.0 16.799999999999997 22.4 9.4 8.1 7.2 25.1 9.3 29.2 6.4 12.7 3.9 0.0 36.5 1.0 3.7 2.9 7.4 16.7 11.799999999999999 19.9 
35.5 36.6 37.8 43.7 55.3 37.1 48.7 44.900000000000006 46.6 27.6 45.5 39.0 34.0 45.5 47.4 53.0 40.0 43.8 37.8 11.4 39.9 15.5 42.0 43.3 39.7 36.5 0.0 37.5 32.8 39.400000000000006 43.0 19.8 48.3 51.4 
5.0 3.7 3.8 7.1000000000000005 24.8 6.6 12.000000000000002 14.4 9.1 17.299999999999997 12.100000000000001 6.699999999999999 3.5 8.0 16.7 22.299999999999997 9.3 7.1 7.1 26.1 9.2 29.4 5.4 12.6 2.9 1.0 37.5 0.0 4.7 1.9 6.4 17.7 10.799999999999999 20.9 
2.7 3.8 5.0 11.8 22.5 4.3 15.9 12.1 13.799999999999999 18.5 15.999999999999998 6.2 1.2 12.7 17.9 23.5 10.5 11.0 8.299999999999999 21.4 10.399999999999999 25.5 10.100000000000001 13.799999999999999 6.9 3.7 32.8 4.7 0.0 6.6 11.100000000000001 13.0 15.499999999999998 18.599999999999998 
5.2 5.6 5.699999999999999 9.0 24.900000000000002 6.699999999999999 10.100000000000001 14.5 7.199999999999999 19.199999999999996 14.0 4.8 5.4 6.1 18.599999999999998 24.199999999999996 11.200000000000001 5.2 9.0 28.0 11.1 31.299999999999997 7.300000000000001 14.5 1.0 2.9 39.400000000000006 1.9 6.6 0.0 8.3 19.6 8.899999999999999 21.0 
11.4 9.7 8.5 1.7 31.200000000000003 13.0 18.400000000000002 20.8 7.9 15.399999999999999 5.7 13.100000000000001 9.9 6.8 12.2 17.799999999999997 4.8 13.5 5.2 31.599999999999994 4.0 27.499999999999996 1.0 8.1 9.3 7.4 43.0 6.4 11.100000000000001 8.3 0.0 24.1 9.6 27.299999999999997 
15.7 16.8 18.0 24.8 35.5 17.3 28.9 25.1 26.8 9.1 27.0 19.2 14.2 25.700000000000003 28.9 34.5 21.499999999999996 24.0 19.299999999999997 8.4 21.4 12.5 23.1 24.799999999999997 19.9 16.7 19.8 17.7 13.0 19.6 24.1 0.0 28.5 31.599999999999998 
14.099999999999998 14.499999999999998 14.599999999999998 7.8999999999999995 33.8 15.599999999999998 14.899999999999999 23.4 3.9 24.0 15.3 13.7 14.299999999999999 2.8 21.799999999999997 27.4 14.399999999999999 14.099999999999998 13.8 36.9 13.6 36.099999999999994 9.6 17.7 9.899999999999999 11.799999999999999 48.3 10.799999999999999 15.499999999999998 8.899999999999999 9.6 28.5 0.0 29.9 
15.9 20.0 21.2 28.0 16.9 14.3 25.9 6.5 28.2 34.7 32.2 16.2 17.4 27.1 34.1 39.7 26.7 21.0 24.5 40.0 26.6 44.099999999999994 26.299999999999997 30.0 20.0 19.9 51.4 20.9 18.599999999999998 21.0 27.299999999999997 31.599999999999998 29.9 0.0 

